[
[1938 0.17916371869956 0.146487277957779]
[1939 0.186695190885169 0.15494562592575]
[1940 0.194226663070777 0.163403973893722]
[1941 0.201758135256386 0.171862321861693]
[1942 0.209289607441994 0.180320669829665]
[1943 0.216821079627603 0.188779017797636]
[1944 0.222412926706711 0.201684610045158]
[1945 0.228004773785819 0.21459020229268]
[1946 0.233596620864927 0.227495794540201]
[1947 0.239188467944035 0.240401386787723]
[1948 0.244780315023143 0.253306979035245]
[1949 0.243619038232775 0.265291900002318]
[1950 0.242457761442407 0.277276820969392]
[1951 0.241296484652039 0.289261741936465]
[1952 0.240135207861671 0.301246662903539]
[1953 0.238973931071303 0.313231583870612]
[1954 0.23892313010847 0.312021642745137]
[1955 0.238872329145636 0.310811701619663]
[1956 0.238821528182803 0.309601760494188]
[1957 0.238770727219969 0.308391819368714]
[1958 0.238719926257136 0.307181878243239]
[1959 0.238381036116726 0.304590162861079]
[1960 0.238042145976316 0.301998447478918]
[1961 0.237703255835907 0.299406732096758]
[1962 0.237364365695497 0.296815016714597]
[1963 0.237025475555087 0.294223301332437]
[1964 0.240143531295191 0.296833598341528]
[1965 0.243261587035295 0.299443895350618]
[1966 0.2463796427754 0.302054192359709]
[1967 0.249497698515504 0.304664489368799]
[1968 0.252615754255608 0.30727478637789]
[1969 0.255775328035312 0.313426232850613]
[1970 0.258934901815016 0.319577679323337]
[1971 0.262094475594721 0.32572912579606]
[1972 0.265254049374425 0.331880572268784]
[1973 0.268413623154129 0.338032018741507]
[1974 0.27179739727647 0.345062190255397]
[1975 0.275181171398811 0.352092361769287]
[1976 0.278564945521152 0.359122533283176]
[1977 0.281948719643493 0.366152704797066]
[1978 0.285332493765834 0.373182876310956]
[1979 0.288850276128981 0.3806282944193]
[1980 0.292368058492128 0.388073712527644]
[1981 0.295885840855274 0.395519130635989]
[1982 0.299403623218421 0.402964548744333]
[1983 0.302921405581568 0.410409966852677]
[1984 0.306588714097946 0.418362819339553]
[1985 0.310256022614325 0.426315671826429]
[1986 0.313923331130703 0.434268524313306]
[1987 0.317590639647082 0.442221376800182]
[1988 0.32125794816346 0.450174229287058]
[1989 0.325075446948466 0.458671181048229]
[1990 0.328892945733471 0.4671681328094]
[1991 0.332710444518477 0.475665084570572]
[1992 0.336527943303482 0.484162036331743]
[1993 0.340345442088488 0.492658988092914]
[1994 0.344312493696454 0.501040728559607]
[1995 0.34827954530442 0.509422469026299]
[1996 0.352246596912387 0.517804209492992]
[1997 0.356213648520353 0.526185949959684]
[1998 0.360180700128319 0.534567690426377]
[1999 0.36429662226052 0.542619281570972]
[2000 0.368412544392721 0.550670872715567]
[2001 0.372528466524923 0.558722463860163]
[2002 0.376644388657124 0.566774055004758]
[2003 0.380760310789325 0.574825646149353]
[2004 0.385026831616572 0.582336552113306]
[2005 0.389293352443819 0.589847458077259]
[2006 0.393559873271066 0.597358364041213]
[2007 0.397826394098313 0.604869270005166]
[2008 0.40209291492556  0.612380175969119]
[2009 0.406511618806196 0.619355542368322]
[2010 0.410930322686832 0.548877374]
[2011 0.415349026567469 0.633306275166727]
[2012 0.419767730448105 0.64028164156593]
[2013 0.424186434328741 0.647257007965133]
[2014 0.428764492762415 0.653753330766274]
[2015 0.43334255119609 0.660249653567416]
[2016 0.437920609629764 0.666745976368557]
[2017 0.442498668063439 0.673242299169699]
[2018 0.447076726497113 0.67973862197084]
]

